Kangaroo 0.22 0.5540865384615384 0.06583333333333333 0.0673076923076923
Kangaroo 0.0725 0.5733173076923077 0.0575 0.09615384615384616
Kangaroo 0.145 0.578125 0.050833333333333335 0.08413461538461539
Kangaroo 0.59 0.6201923076923077 0.06916666666666667 0.0889423076923077
Kangaroo 0.7925 0.6394230769230769 0.0875 0.06971153846153846
Kangaroo 0.8825 0.6466346153846154 0.09416666666666666 0.07211538461538461
Kangaroo 0.33916666666666667 0.6610576923076923 0.12833333333333333 0.18028846153846154
Kangaroo 0.6683333333333333 0.6971153846153846 0.14 0.14302884615384615
Kangaroo 0.8208333333333333 0.7235576923076923 0.11166666666666666 0.10096153846153846
Kangaroo 0.49916666666666665 0.7728365384615384 0.18583333333333332 0.20552884615384615
Kangaroo 0.93 0.7788461538461539 0.13666666666666666 0.20072115384615385
Kangaroo 0.1475 0.7824519230769231 0.2425 0.21394230769230768