Kangaroo 0.33666666666666667 0.28125 0.055 0.2692307692307692
Kangaroo 0.7083333333333334 0.3293269230769231 0.04583333333333333 0.15625
Kangaroo 0.06333333333333334 0.34615384615384615 0.050833333333333335 0.14423076923076922
Kangaroo 0.6333333333333333 0.40384615384615385 0.15416666666666667 0.5600961538461539
Kangaroo 0.10583333333333333 0.42788461538461536 0.04833333333333333 0.23076923076923078
Kangaroo 0.185 0.4387019230769231 0.08416666666666667 0.3485576923076923
Kangaroo 0.2658333333333333 0.4891826923076923 0.055 0.31490384615384615
Kangaroo 0.49666666666666665 0.4963942307692308 0.065 0.49759615384615385
Kangaroo 0.8508333333333333 0.4987980769230769 0.07 0.47836538461538464
Kangaroo 0.9475 0.5420673076923077 0.10083333333333333 0.5120192307692307
Kangaroo 0.4191666666666667 0.5709134615384616 0.07666666666666666 0.49038461538461536
Kangaroo 0.7666666666666667 0.5721153846153846 0.09166666666666666 0.5721153846153846
Kangaroo 0.8758333333333334 0.6021634615384616 0.055 0.2764423076923077
Kangaroo 0.21166666666666667 0.6045673076923077 0.3725 0.49038461538461536
Kangaroo 0.615 0.6057692307692307 0.13666666666666666 0.4807692307692308
Kangaroo 0.31333333333333335 0.6286057692307693 0.08416666666666667 0.38221153846153844