Kangaroo 0.41083333333333333 0.2283653846153846 0.059166666666666666 0.2692307692307692
Kangaroo 0.10833333333333334 0.27524038461538464 0.05333333333333334 0.2439903846153846
Kangaroo 0.3566666666666667 0.2860576923076923 0.06416666666666666 0.21514423076923078
Kangaroo 0.5725 0.3329326923076923 0.04833333333333333 0.2980769230769231
Kangaroo 0.16416666666666666 0.34615384615384615 0.05 0.2620192307692308
Kangaroo 0.6966666666666667 0.3545673076923077 0.06416666666666666 0.2824519230769231
Kangaroo 0.23 0.36658653846153844 0.10166666666666667 0.3245192307692308
Kangaroo 0.7616666666666667 0.36658653846153844 0.0675 0.3112980769230769
Kangaroo 0.39 0.4723557692307692 0.14333333333333334 0.23317307692307693
Kangaroo 0.5208333333333334 0.5 0.095 0.6237980769230769
Kangaroo 0.865 0.5024038461538461 0.23666666666666666 0.9915865384615384
Kangaroo 0.11083333333333334 0.5997596153846154 0.205 0.21394230769230768